10 12: [9.99970278e-01 2.97217674e-05]
10 19: [6.46981559e-06 9.99993530e-01]
10 21: [5.72566178e-06 9.99994274e-01]
5 13: [0.00217833 0.99782167]
5 12: [2.6707993e-04 9.9973292e-01]
5 18: [1.09378628e-04 9.99890621e-01]
10 16: [0.99701125 0.00298875]
4 13: [0.08102157 0.91897843]
4 21: [1.20854179e-04 9.99879146e-01]
8 19: [4.82991339e-05 9.99951701e-01]
6 18: [2.60721567e-04 9.99739278e-01]
6 20: [2.52136374e-05 9.99974786e-01]
9 20: [3.67820524e-05 9.99963218e-01]
10 17: [1.63710202e-04 9.99836290e-01]
10 18: [3.15085389e-05 9.99968491e-01]
8 13: [9.99951054e-01 4.89459426e-05]
8 21: [4.41991681e-05 9.99955801e-01]
6 21: [2.85357283e-04 9.99714643e-01]
8 17: [0.00314637 0.99685363]
2 16: [0.00344731 0.99655269]
2 19: [9.92969212e-05 9.99900703e-01]
2 17: [4.51818210e-05 9.99954818e-01]
10 11: [9.99941737e-01 5.82633212e-05]
10 14: [0.99815539 0.00184461]
2 12: [0.9961464 0.0038536]
2 15: [0.01282227 0.98717773]
2 21: [4.60020365e-05 9.99953998e-01]
10 20: [1.03117347e-05 9.99989688e-01]
10 15: [9.99330832e-01 6.69167979e-04]
7 9: [9.99831733e-01 1.68266676e-04]
7 19: [2.37654018e-05 9.99976235e-01]
10 10: [9.99818712e-01 1.81288072e-04]
10 7: [0.99890219 0.00109781]
5 8: [0.99256051 0.00743949]
5 17: [4.91850502e-05 9.99950815e-01]
6 16: [0.00194196 0.99805804]
6 19: [5.66376550e-05 9.99943362e-01]
3 12: [0.97921409 0.02078591]
8 15: [9.99953688e-01 4.63122583e-05]
8 16: [0.99326544 0.00673456]
4 12: [0.46870029 0.53129971]
4 15: [7.67777228e-04 9.99232223e-01]
10 13: [0.99851135 0.00148865]
4 19: [7.16777614e-05 9.99928322e-01]
A 15: [9.99313390e-01 6.86610305e-04]
A 16: [0.99841228 0.00158772]
4 10: [9.99853043e-01 1.46957280e-04]
9 12: [0.9988351 0.0011649]
5 11: [0.99894111 0.00105889]
5 16: [2.21027807e-04 9.99778972e-01]
A 13: [9.99435507e-01 5.64492807e-04]
9 16: [0.98029684 0.01970316]
3 16: [0.00520463 0.99479537]
3 18: [8.22750348e-05 9.99917725e-01]
3 20: [1.18046473e-05 9.99988195e-01]
8 10: [9.99855783e-01 1.44216902e-04]
6 9: [9.99837896e-01 1.62104111e-04]
10 9: [9.99916497e-01 8.35034910e-05]
4 20: [4.91948426e-05 9.99950805e-01]
5 20: [7.59339881e-05 9.99924066e-01]
3 6: [0.98413226 0.01586774]
8 5: [9.99514563e-01 4.85436893e-04]
8 14: [9.99962789e-01 3.72105307e-05]
5 15: [2.03283286e-04 9.99796717e-01]
8 18: [6.14882884e-05 9.99938512e-01]
8 20: [1.79470795e-05 9.99982053e-01]
5 14: [6.04814021e-05 9.99939519e-01]
9 10: [0.99898132 0.00101868]
8 4: [0.99873096 0.00126904]
8 8: [0.99310208 0.00689792]
7 15: [0.99584879 0.00415121]
3 13: [0.09676862 0.90323138]
9 17: [3.82972593e-04 9.99617027e-01]
3 15: [0.00218457 0.99781543]
4 16: [2.05161969e-04 9.99794838e-01]
9 9: [9.99851023e-01 1.48977032e-04]
9 13: [9.99662545e-01 3.37454808e-04]
9 15: [9.99200776e-01 7.99224285e-04]
9 18: [1.73074016e-05 9.99982693e-01]
9 19: [3.17872289e-06 9.99996821e-01]
9 14: [0.99759711 0.00240289]
9 21: [4.43539467e-05 9.99955646e-01]
4 17: [2.29042579e-04 9.99770957e-01]
6 13: [0.01064632 0.98935368]
7 14: [0.99696106 0.00303894]
7 17: [2.59675318e-04 9.99740325e-01]
9 8: [0.99780708 0.00219292]
7 7: [0.99673977 0.00326023]
8 12: [9.99694898e-01 3.05101856e-04]
2 10: [9.99695910e-01 3.04090011e-04]
2 18: [0. 1.]
2 20: [4.62381180e-05 9.99953762e-01]
10 4: [0.95685747 0.04314253]
7 18: [4.64740985e-05 9.99953526e-01]
7 12: [9.99944004e-01 5.59958308e-05]
3 21: [1.97629971e-04 9.99802370e-01]
5 19: [7.67628713e-05 9.99923237e-01]
4 14: [0.03336215 0.96663785]
4 18: [2.26632214e-04 9.99773368e-01]
5 10: [9.99721952e-01 2.78048102e-04]
3 10: [9.99579662e-01 4.20337544e-04]
A 17: [2.42154764e-04 9.99757845e-01]
A 20: [2.64486224e-05 9.99973551e-01]
A 19: [8.79253645e-05 9.99912075e-01]
5 21: [1.48217739e-04 9.99851782e-01]
3 19: [6.79805556e-05 9.99932019e-01]
6 5: [0.99821239 0.00178761]
6 11: [0.99897598 0.00102402]
7 10: [9.99859901e-01 1.40099388e-04]
3 17: [3.09815316e-05 9.99969018e-01]
2 13: [0.48469843 0.51530157]
6 14: [6.14446047e-05 9.99938555e-01]
3 14: [5.66277486e-05 9.99943372e-01]
6 10: [9.99299081e-01 7.00918925e-04]
6 15: [0.00242464 0.99757536]
2 9: [9.99648638e-01 3.51361784e-04]
A 10: [0.99895556 0.00104444]
7 16: [9.99502450e-01 4.97549552e-04]
7 20: [1.83894796e-05 9.99981611e-01]
8 7: [9.99510284e-01 4.89715965e-04]
4 7: [0.99575412 0.00424588]
7 13: [0.99760684 0.00239316]
7 21: [4.52078836e-05 9.99954792e-01]
4 9: [9.99830352e-01 1.69647769e-04]
2 14: [5.95588697e-04 9.99404411e-01]
6 17: [2.07854096e-04 9.99792146e-01]
7 11: [9.99770574e-01 2.29426381e-04]
6 12: [0.00963063 0.99036937]
10 6: [9.99575566e-01 4.24433979e-04]
2 11: [0.99613176 0.00386824]
9 11: [0.99888992 0.00111008]
3 9: [9.99832412e-01 1.67588461e-04]
3 8: [0.99498226 0.00501774]
6 7: [0.99772842 0.00227158]
6 6: [0.99473609 0.00526391]
3 11: [9.99884348e-01 1.15651715e-04]
A 9: [9.99531726e-01 4.68274409e-04]
4 6: [0.99186822 0.00813178]
5 5: [0.99849246 0.00150754]
5 6: [0.987862 0.012138]
10 8: [0.99809951 0.00190049]
6 4: [0.99193548 0.00806452]
A 6: [0.99245444 0.00754556]
A 12: [0.99616465 0.00383535]
8 11: [9.99891705e-01 1.08295430e-04]
2 6: [0.99518345 0.00481655]
4 11: [9.99642463e-01 3.57537202e-04]
8 9: [9.99699970e-01 3.00030003e-04]
A 7: [9.99281609e-01 7.18390805e-04]
5 7: [0.995029 0.004971]
A 21: [6.51093399e-05 9.99934891e-01]
A 18: [1.75030235e-04 9.99824970e-01]
2 7: [0.99634486 0.00365514]
8 6: [9.99620349e-01 3.79650721e-04]
3 4: [0.99438202 0.00561798]
A 14: [9.99926518e-01 7.34818616e-05]
4 8: [0.98991239 0.01008761]
10 5: [0.99385228 0.00614772]
5 9: [9.99499133e-01 5.00866885e-04]
7 5: [0.99897959 0.00102041]
3 7: [0.98216058 0.01783942]
A 11: [9.99601451e-01 3.98549281e-04]
4 5: [0.99528796 0.00471204]
7 6: [0.96574926 0.03425074]
2 8: [0.99581523 0.00418477]
9 5: [0.96913738 0.03086262]
9 7: [0.99554522 0.00445478]
7 8: [0.99823399 0.00176601]
6 8: [9.99299065e-01 7.00934579e-04]
A 5: [9.99213836e-01 7.86163522e-04]
2 4: [0.96242775 0.03757225]
A 8: [0.99875622 0.00124378]
9 6: [9.99253731e-01 7.46268657e-04]
9 4: [0.9915493 0.0084507]
2 5: [0.99525745 0.00474255]
3 5: [0.99660787 0.00339213]
7 4: [0.99854651 0.00145349]
5 4: [0.94505495 0.05494505]
4 4: [0.96075863 0.03924137]
A 4: [0.99203187 0.00796813]
