10 14: [1.33112746e-04 9.99866887e-01]
10 13: [1.06170262e-04 9.99893830e-01]
10 17: [5.08754542e-04 9.99491245e-01]
5 13: [0.08338697 0.91661303]
5 19: [9.99764080e-01 2.35920279e-04]
10 21: [9.99918295e-01 8.17053727e-05]
8 16: [8.09429916e-05 9.99919057e-01]
8 18: [9.99839933e-01 1.60067435e-04]
10 12: [2.72553829e-05 9.99972745e-01]
6 20: [9.99959180e-01 4.08202606e-05]
10 15: [3.01920213e-05 9.99969808e-01]
10 16: [1.64411189e-04 9.99835589e-01]
10 20: [9.99958257e-01 4.17426980e-05]
2 9: [1.85699027e-04 9.99814301e-01]
2 19: [9.99601675e-01 3.98324853e-04]
10 9: [9.48676596e-05 9.99905132e-01]
6 11: [1.39414516e-04 9.99860585e-01]
6 17: [9.99937872e-01 6.21282536e-05]
7 18: [9.99914479e-01 8.55214204e-05]
10 18: [9.99734884e-01 2.65115740e-04]
10 11: [6.95458655e-05 9.99930454e-01]
4 8: [2.34305313e-04 9.99765695e-01]
4 14: [0.60783572 0.39216428]
4 20: [9.99989466e-01 1.05343278e-05]
4 21: [9.99985271e-01 1.47287840e-05]
3 6: [0.00441313 0.99558687]
3 16: [0.97678688 0.02321312]
6 14: [0.97826624 0.02173376]
6 16: [0.99750721 0.00249279]
2 20: [9.99952987e-01 4.70128196e-05]
2 21: [9.99917813e-01 8.21868143e-05]
2 15: [0.0037516 0.9962484]
3 18: [9.99932072e-01 6.79284066e-05]
6 7: [0.00195511 0.99804489]
6 21: [9.99973907e-01 2.60934141e-05]
6 13: [0.03245923 0.96754077]
6 19: [9.99970908e-01 2.90916761e-05]
9 10: [1.54261473e-04 9.99845739e-01]
9 20: [9.99973009e-01 2.69912428e-05]
5 16: [0.99690021 0.00309979]
A 5: [7.54147813e-04 9.99245852e-01]
A 15: [8.78790579e-04 9.99121209e-01]
7 17: [9.99727083e-01 2.72916556e-04]
6 10: [5.66749223e-04 9.99433251e-01]
5 10: [7.41419764e-04 9.99258580e-01]
7 9: [1.87803398e-04 9.99812197e-01]
7 20: [9.99962133e-01 3.78670478e-05]
7 21: [9.99972404e-01 2.75957215e-05]
10 19: [1. 0.]
3 7: [5.22004497e-04 9.99477996e-01]
3 15: [0.50080346 0.49919654]
3 21: [9.99964621e-01 3.53789128e-05]
7 13: [6.36813226e-05 9.99936319e-01]
7 16: [0.00137116 0.99862884]
3 17: [9.99588619e-01 4.11381289e-04]
4 15: [0.82889726 0.17110274]
4 17: [9.99968884e-01 3.11162471e-05]
4 18: [9.99983806e-01 1.61941282e-05]
9 8: [2.10748156e-04 9.99789252e-01]
9 18: [9.99955642e-01 4.43576653e-05]
9 21: [9.99925469e-01 7.45314759e-05]
3 19: [1. 0.]
2 18: [9.99777397e-01 2.22602656e-04]
9 19: [9.99730498e-01 2.69502256e-04]
9 17: [0.03598767 0.96401233]
3 14: [0.15142896 0.84857104]
8 15: [0.00263896 0.99736104]
8 14: [7.06802546e-05 9.99929320e-01]
6 12: [8.06088490e-04 9.99193912e-01]
5 20: [9.99939379e-01 6.06205490e-05]
8 17: [0.00657427 0.99342573]
8 19: [1. 0.]
8 9: [1.72771251e-04 9.99827229e-01]
8 20: [9.99973130e-01 2.68696866e-05]
4 10: [0.00178669 0.99821331]
6 18: [9.99490234e-01 5.09766320e-04]
7 14: [6.83491719e-05 9.99931651e-01]
4 12: [0.00460236 0.99539764]
10 10: [4.22083404e-05 9.99957792e-01]
2 17: [9.99855801e-01 1.44198951e-04]
4 11: [1.38277943e-04 9.99861722e-01]
A 13: [9.52018279e-05 9.99904798e-01]
A 18: [9.99161883e-01 8.38116796e-04]
A 21: [9.99938279e-01 6.17207752e-05]
10 7: [6.98909701e-05 9.99930109e-01]
9 15: [1.67497622e-04 9.99832502e-01]
9 16: [9.11242157e-04 9.99088758e-01]
5 18: [9.99939541e-01 6.04589018e-05]
9 13: [9.77061433e-05 9.99902294e-01]
3 11: [1.37546034e-04 9.99862454e-01]
2 16: [0.9840886 0.0159114]
6 15: [0.99598381 0.00401619]
A 6: [5.78703704e-04 9.99421296e-01]
A 11: [9.54927426e-05 9.99904507e-01]
A 20: [9.99980366e-01 1.96336749e-05]
4 13: [0.02985288 0.97014712]
5 12: [6.26846046e-05 9.99937315e-01]
8 8: [2.22518914e-04 9.99777481e-01]
4 19: [9.99937866e-01 6.21337502e-05]
3 20: [9.99911309e-01 8.86911432e-05]
5 14: [0.99857716 0.00142284]
6 9: [0.00237277 0.99762723]
5 17: [9.9994076e-01 5.9240347e-05]
5 21: [9.99924619e-01 7.53805822e-05]
3 13: [0.0013782 0.9986218]
4 9: [3.75975831e-04 9.99624024e-01]
A 12: [6.06633022e-04 9.99393367e-01]
A 14: [2.32810802e-04 9.99767189e-01]
3 12: [6.39164209e-05 9.99936084e-01]
A 16: [6.65798662e-04 9.99334201e-01]
A 19: [9.99716851e-01 2.83149091e-04]
9 12: [6.67696157e-05 9.99933230e-01]
5 9: [0.00329646 0.99670354]
2 14: [2.29623255e-04 9.99770377e-01]
8 12: [6.68522040e-05 9.99933148e-01]
2 12: [0.00379432 0.99620568]
A 17: [0.0017354 0.9982646]
5 8: [0.00408482 0.99591518]
7 15: [0.00775733 0.99224267]
9 9: [0.00109159 0.99890841]
8 21: [9.99683853e-01 3.16146693e-04]
9 14: [6.19778185e-04 9.99380222e-01]
7 12: [4.86450971e-04 9.99513549e-01]
7 19: [9.99959066e-01 4.09344223e-05]
2 13: [0.00372194 0.99627806]
A 4: [0.00220264 0.99779736]
5 11: [7.87574015e-04 9.99212426e-01]
4 5: [0.00208117 0.99791883]
A 9: [0.00154083 0.99845917]
8 7: [0.00882272 0.99117728]
8 10: [2.49097097e-04 9.99750903e-01]
4 16: [0.99527422 0.00472578]
10 6: [1.03092784e-04 9.99896907e-01]
A 10: [4.65116279e-04 9.99534884e-01]
3 8: [0.00504982 0.99495018]
3 10: [0.00257744 0.99742256]
2 11: [1.37727009e-04 9.99862273e-01]
8 13: [6.59606928e-05 9.99934039e-01]
7 11: [1.37445709e-04 9.99862554e-01]
5 15: [0.96758197 0.03241803]
10 8: [5.93225366e-05 9.99940677e-01]
9 11: [2.75330396e-04 9.99724670e-01]
3 9: [7.49063670e-04 9.99250936e-01]
7 10: [8.92710936e-04 9.99107289e-01]
5 6: [0.01055141 0.98944859]
A 7: [3.84615385e-04 9.99615385e-01]
8 11: [2.75989742e-04 9.99724010e-01]
7 7: [2.58397933e-04 9.99741602e-01]
10 4: [8.08407437e-04 9.99191593e-01]
A 8: [6.41436818e-04 9.99358563e-01]
10 5: [5.75208513e-04 9.99424791e-01]
7 6: [3.80807312e-04 9.99619193e-01]
8 6: [3.80228137e-04 9.99619772e-01]
9 7: [5.11508951e-04 9.99488491e-01]
2 7: [0.00723175 0.99276825]
6 6: [0.06756117 0.93243883]
3 4: [0.00659631 0.99340369]
2 5: [0.04176114 0.95823886]
2 10: [0.00156419 0.99843581]
2 8: [0.00665654 0.99334346]
6 8: [0.00272175 0.99727825]
7 8: [2.19178082e-04 9.99780822e-01]
9 6: [0.00186846 0.99813154]
7 5: [0.00531289 0.99468711]
5 5: [0.01133049 0.98866951]
4 7: [3.05607074e-04 9.99694393e-01]
2 6: [0.00482391 0.99517609]
5 7: [0.02767807 0.97232193]
7 4: [0.01946023 0.98053977]
8 5: [9.86193294e-04 9.99013807e-01]
9 5: [0.00102881 0.99897119]
9 4: [0.00280112 0.99719888]
4 4: [0.12525042 0.87474958]
3 5: [6.88705234e-04 9.99311295e-01]
4 6: [0.00368567 0.99631433]
6 5: [5.2687039e-04 9.9947313e-01]
5 4: [0.03770664 0.96229336]
6 4: [0.04653242 0.95346758]
8 4: [0.00145349 0.99854651]
2 4: [0.17473869 0.82526131]
